LFPZ - SAINT CYR L'ECOLE: 48.8136806°, 002.0664806°
LFXU: 48.9983333°, 001.9450000°
LFOE: 49.0286694°, 001.2198389°
LFOP: 49.3852111°, 001.1761917°
LFPD - Bernay Saint Martin: 49.1027778°, 000.5666667°